14
15
20
21
30
36
37
44
45
52
53
54
63
67
68
69
81
82
93
97
102
111
120
133
134
136
144
149
175
192
200
208
209
214
218
223
232
233
239
240
257
259
269
270
279
285
289
296
299
305
309
311
313
318
319
324
325
328
331
333
341
348
375
380
389
395
404
407
411
415
419
437
442
450
456
462
466
468
486
497
500
512
517
527
528
529
530
538
541
544
549
555
563
586
591
600
607
613
623
625
635
638
645
657
659
660
663
666
670
676
678
699
706
718
720
721
729
732
742
752
759
760
764
765
783
785
787
794
803
804
817
818
826
836
838
839
845
852
864
869
872
879
885
889
891
893
901
904
905
912
916
921
927
928
940
955
964
970
985
987
1001
1002
1003
1011
1013
1014
1019
1022
1032
1042
1046
1052
1055
1064
1067
1084
1086
1091
1096
1098
1114
1122
1147
1161
1175
1181
1183
1187
1195
1198
1202
1214
1219
1232
1235
1240
1242
1259
1261
1268
1270
1286
1289
1294
1302
1315
1317
1330
1339
1345
1350
1351
1362
1363
1370
1378
1379
1382
1398
1401
1403
1408
1413
1414
1418
1421
1425
1426
1427
1431
1439
1441
1454
1468
1473
1474
1487
1491
1511
1512
1520
1526
1530
1534
1536
1540
1545
1546
1550
1552
1553
1554
1569
1572
1578
1580
1594
1605
1610
1612
1617
1626
1633
1641
1653
1662
1676
1677
1690
1691
1694
1708
1717
1731
1735
1740
1747
1756
1759
1769
1770
1771
1778
1795
1799
1811
1829
1830
1838
1851
1853
1859
1865
1870
1873
1876
1878
1889
1890
1918
1930
1931
1943
1950
1956
1959
1960
1966
1968
1973
1974
1977
1981
1989
1995
1997
2003
2006
2010
2013
2014
2016
2020
2021
2023
2028
2029
2031
2046
2075
2076
2077
2078
2081
2086
2090
2091
2093
2099
2105
2112
2113
2138
2139
2166
2168
2169
2171
2172
2176
2178
2180
2192
2193
2198
2206
2207
2224
2230
2238
2241
2242
2263
2272
2275
2281
2283
2286
2287
2290
2292
2295
2297
2328
2334
2344
2351
2355
2358
2382
2383
2410
2413
2422
2425
2436
2440
2445
2446
2455
2456
2458
2464
2466
2472
2475
2476
2477
2481
2498
2503
2514
2515
2521
2523
2529
2530
2532
2533
2536
2543
2550
2552
2556
2559
2562
2571
2573
2582
2588
2589
2593
2595
2601
2607
2623
2641
2647
2648
2649
2665
2672
2677
2678
2683
2694
2706
2713
2742
2743
2746
2747
2761
2771
2777
2778
2787
2788
2791
2797
2798
2808
2820
2822
2825
2829
2836
2854
2864
2870
2877
2882
2889
2893
2894
2923
2928
2934
2939
2942
2957
2971
2974
3002
3010
3015
3032
3034
3038
3041
3047
3053
3057
3069
3077
3104
3117
3118
3122
3123
3125
3129
3130
3132
3156
3158
3159
3181
3189
3194
3205
3207
3233
3238
3239
3246
3248
3249
3252
3256
3257
3258
3262
3264
3269
3277
3284
3288
3313
3317
3321
3328
3332
3336
3338
3340
3364
3365
3397
3401
3407
3412
3416
3418
3419
3433
3438
3439
3455
3458
3470
3480
3491
3495
3511
3521
3539
3548
3549
3554
3555
3559
3564
3565
3566
3568
3573
3584
3598
3599
3626
3635
3637
3642
3643
3645
3646
3648
3654
3664
3671
3690
3693
3699
3715
3716
3718
3719
3731
3732
3735
3736
3738
3741
3752
3755
3778
3779
3782
3784
3788
3796
3800
3805
3806
3815
3816
3836
3848
3885
3891
3898
3910
3926
3946
3951
3952
3960
3974
3977
3981
