2
3
14
18
20
21
29
36
37
43
44
45
48
50
52
54
58
63
67
68
69
70
73
76
80
81
82
88
97
98
99
102
115
119
120
136
144
147
159
175
176
184
188
192
196
197
203
205
208
210
214
216
217
218
219
222
224
229
230
231
232
233
238
240
243
255
256
259
260
261
267
279
280
285
289
296
299
305
306
309
311
313
314
318
322
324
328
329
332
333
340
341
343
348
357
364
367
369
370
383
385
389
391
393
402
404
407
408
411
415
419
422
437
450
456
464
468
485
489
492
497
499
500
501
507
509
512
527
528
529
530
532
541
543
544
547
551
555
562
563
586
595
600
606
613
616
617
625
629
635
636
638
643
645
649
650
656
657
659
667
673
676
678
684
686
687
698
699
700
702
705
706
718
720
721
727
729
732
742
745
752
764
769
773
774
778
779
781
785
787
794
797
800
801
803
804
806
808
815
817
819
826
828
829
831
836
838
840
851
852
864
869
870
879
880
881
882
889
891
893
896
901
904
905
910
915
916
925
927
928
940
944
952
956
964
966
967
976
981
982
985
991
996
998
1001
1002
1003
1008
1010
1011
1019
1020
1021
1022
1032
1041
1042
1043
1044
1046
1051
1052
1055
1060
1064
1066
1067
1070
1077
1080
1084
1085
1086
1087
1088
1091
1096
1114
1115
1116
1119
1121
1128
1145
1146
1148
1152
1157
1171
1172
1173
1174
1178
1181
1183
1187
1191
1195
1199
1200
1201
1214
1223
1232
1235
1238
1240
1242
1243
1248
1260
1261
1270
1275
1278
1286
1289
1290
1291
1294
1298
1302
1309
1310
1315
1318
1322
1323
1324
1335
1339
1342
1344
1350
1351
1359
1362
1367
1370
1375
1378
1382
1386
1401
1402
1403
1408
1412
1413
1414
1418
1419
1420
1421
1425
1426
1427
1430
1432
1445
1450
1454
1468
1472
1474
1480
1484
1488
1489
1491
1496
1498
1500
1502
1505
1511
1513
1518
1520
1523
1528
1529
1530
1534
1536
1540
1542
1544
1545
1546
1547
1549
1550
1552
1553
1555
1558
1566
1569
1572
1575
1578
1586
1593
1594
1599
1602
1605
1612
1619
1624
1626
1648
1655
1662
1668
1670
1677
1679
1681
1685
1690
1691
1695
1705
1717
1722
1726
1731
1735
1740
1741
1746
1747
1752
1754
1756
1757
1758
1759
1769
1770
1793
1795
1797
1799
1804
1811
1815
1818
1824
1826
1830
1831
1838
1847
1853
1859
1870
1872
1876
1878
1884
1885
1889
1890
1901
1904
1907
1917
1925
1930
1931
1939
1950
1951
1963
1966
1967
1974
1977
1982
1989
1992
1995
1997
2002
2003
2009
2010
2013
2014
2016
2021
2023
2028
2029
2031
2032
2037
2043
2044
2046
2047
2059
2075
2077
2078
2079
2081
2083
2086
2090
2091
2093
2095
2098
2100
2112
2113
2115
2117
2121
2123
2129
2139
2140
2144
2153
2154
2158
2161
2166
2168
2176
2178
2180
2189
2190
2193
2194
2198
2203
2205
2214
2216
2224
2233
2234
2238
2240
2241
2246
2247
2252
2255
2258
2265
2269
2272
2275
2279
2281
2283
2286
2290
2292
2293
2294
2295
2309
2311
2322
2324
2327
2328
2330
2334
2340
2342
2346
2347
2351
2355
2358
2367
2368
2380
2383
2390
2409
2413
2420
2421
2422
2427
2428
2434
2436
2446
2451
2452
2455
2456
2458
2464
2472
2476
2477
2481
2487
2488
2493
2497
2498
2503
2510
2511
2514
2515
2521
2523
2528
2530
2532
2533
2535
2542
2550
2552
2557
2559
2562
2566
2570
2573
2582
2585
2588
2591
2595
2601
2605
2608
2612
2616
2622
2623
2625
2635
2638
2639
2647
2656
2661
2665
2672
2677
2678
2683
2684
2691
2693
2694
2705
2706
2707
2712
2713
2721
2730
2731
2733
2735
2742
2743
2746
2747
2755
2761
2766
2770
2780
2783
2788
2791
2793
2795
2798
2802
2803
2806
2808
2820
2825
2827
2829
2833
2836
2839
2842
2843
2847
2849
2859
2863
2864
2870
2872
2875
2877
2882
2889
2893
2894
2895
2907
2917
2919
2921
2923
2928
2929
2931
2933
2934
2939
2940
2945
2947
2957
2971
2974
2975
2977
2984
2999
3002
3010
3015
3018
3023
3025
3026
3028
3029
3032
3044
3047
3053
3057
3064
3065
3066
3067
3069
3080
3085
3088
3090
3102
3114
3118
3122
3123
3125
3129
3130
3142
3155
3156
3158
3159
3165
3175
3176
3179
3180
3181
3185
3189
3196
3205
3207
3216
3221
3225
3226
3229
3233
3235
3238
3240
3243
3246
3247
3248
3249
3252
3256
3257
3259
3260
3263
3264
3284
3286
3287
3288
3296
3300
3304
3308
3310
3313
3317
3321
3328
3332
3336
3340
3352
3353
3365
3367
3371
3397
3401
3402
3403
3407
3409
3411
3412
3415
3416
3418
3419
3422
3431
3432
3433
3436
3438
3439
3450
3452
3464
3469
3470
3472
3473
3480
3492
3495
3498
3504
3505
3511
3521
3529
3535
3536
3539
3544
3548
3549
3554
3555
3558
3559
3560
3564
3566
3571
3573
3575
3584
3586
3593
3596
3598
3626
3631
3635
3638
3642
3644
3645
3648
3649
3654
3664
3671
3684
3685
3699
3702
3703
3707
3709
3713
3715
3716
3718
3719
3725
3731
3735
3741
3746
3750
3759
3765
3768
3775
3777
3779
3784
3788
3798
3799
3802
3805
3806
3809
3810
3814
3815
3816
3827
3836
3839
3848
3850
3854
3856
3878
3885
3891
3913
3914
3918
3924
3925
3926
3928
3939
3942
3946
3952
3956
3961
3965
3966
3970
3984
3989
3998
